0.0
0.0
0.0
0.0
0.0
0.0
0.0
0.0
0.0
0.0
0.0
0.0
0.0
0.0
0.0
0.0
0.0
0.0
0.0
0.0
0.0
0.0
0.0
0.0
0.0
0.0
0.0
0.0
0.0
0.0
0.0
0.0
0.0
0.0
2.0
1.0
1.0
1.0
3.0
7.0
8.0
12.0
17.0
23.0
37.0
46.0
75.0
98.0
126.0
148.0
203.0
312.0
409.0
591.0
801.0
999.0
1225.0
1571.0
1943.0
2398.0
2909.0
3455.0
4073.0
4760.0
5483.0
6237.0
7293.0
8100.0
8717.0
9264.0
9937.0
10486.0
11035.0
11473.0
11884.0
12137.0
12320.0
12626.0
12915.0
13205.0
13481.0
13838.0
14041.0
14152.0
14239.0
14389.0
14518.0
14629.0
14729.0
14789.0
14836.0
14904.0
14974.0
15047.0
15107.0
15186.0
15248.0
15283.0
15353.0
15402.0
15463.0
15517.0
15554.0
15582.0
15594.0
15624.0
15678.0
15724.0
15763.0
15812.0
15842.0
15857.0
15923.0
15961.0
16013.0
16067.0
16148.0
16163.0
16189.0
16247.0
16308.0
16338.0
16369.0
16397.0
16421.0
16452.0
16477.0
16499.0
16549.0
16568.0
16610.0
16642.0
16647.0
16666.0
16682.0
16735.0
16752.0
16819.0
16850.0
16875.0
16899.0
16914.0
16948.0
16970.0
17007.0
17029.0
17047.0
17100.0
17119.0
17150.0
17182.0
17234.0
17266.0
17295.0
17326.0
17369.0
17404.0
17448.0
17522.0
17567.0
17629.0
17678.0
17779.0
17874.0
17954.0
18088.0
18194.0
18270.0
18338.0
18429.0
18547.0
18619.0
18724.0
18814.0
18866.0
18965.0
19087.0
19217.0
19358.0
19482.0
19563.0
19650.0
19740.0
19877.0
20039.0
20156.0
20309.0
20421.0
20522.0
20618.0
20771.0
20873.0
21063.0
21186.0
21248.0
21318.0
21411.0
21494.0
21653.0
21772.0
21862.0
21966.0
22038.0
22196.0
22383.0
22573.0
22824.0
23173.0
23329.0
23498.0
23757.0
24009.0
24356.0
24687.0
24989.0
25218.0
25411.0
25654.0
25955.0
26274.0
26500.0
26894.0
27131.0
27354.0
27575.0
27861.0
28290.0
28656.0
29036.0
29253.0
29620.0
30016.0
30568.0
31259.0
31857.0
32787.0
33202.0
33616.0
34436.0
35159.0
36013.0
36819.0
37693.0
38360.0
38831.0
39413.0
40132.0
40936.0
41593.0
42356.0
42947.0
43492.0
44231.0
44990.0
45844.0
46634.0
47648.0
48366.0
49103.0
50030.0
51108.0
52382.0
53492.0
54752.0
55766.0
56596.0
57739.0
59060.0
60495.0
62017.0
63812.0
65297.0
66496.0
68142.0
70120.0
72774.0
76005.0
79352.0
82322.0
84796.0
87578.0
91951.0
96420.0
101467.0
107182.0
111972.0
116451.0
121643.0
128005.0
135116.0
142069.0
150159.0
155484.0
161228.0
167475.0
174910.0
184087.0
192344.0
199362.0
204460.0
209072.0
215147.0
222669.0
229103.0
235710.0
242175.0
247329.0
249765.0
254373.0
260116.0
265507.0
270525.0
274763.0
278500.0
280891.0
284266.0
288203.0
291771.0
295427.0
299018.0
301883.0
303950.0
306462.0
309094.0
311574.0
314664.0
317499.0
320135.0
322641.0
325384.0
328142.0
330531.0
332481.0
334632.0
336137.0
337490.0
339597.0
342155.0
345010.0
346816.0
348103.0
349266.0
350963.0
353088.0
356063.0
358774.0
360777.0
362368.0
364003.0
365898.0
368190.0
371151.0
373237.0
375239.0
377537.0
379083.0
380470.0
382176.0
384337.0
385993.0
387529.0
389086.0
390406.0
391416.0
393047.0
394704.0
396446.0
398234.0
399687.0
400949.0
401896.0
403321.0
404906.0
406378.0
407799.0
409286.0
410385.0
411519.0
412737.0
414380.0
415900.0
417170.0
418535.0
419681.0
420680.0
421912.0
423382.0
425050.0
426613.0
427881.0
429052.0
430220.0
431720.0
433377.0
435277.0
436985.0
439078.0
440734.0
441959.0
443849.0
445816.0
448261.0
450150.0
452646.0
454870.0
456271.0
458463.0
460915.0
463314.0
465664.0
468427.0
470672.0
472620.0
475142.0
477553.0
480424.0
483479.0
486513.0
489038.0
490946.0
493705.0
496577.0
500098.0
503319.0
506969.0
509659.0
512098.0
515121.0
518660.0
522107.0
525323.0
528627.0
531273.0
534505.0
537302.0
540438.0
543831.0
546926.0
550234.0
553053.0
555386.0
557395.0
560245.0
563116.0
565625.0
569084.0
571051.0
573108.0
575350.0
578529.0
581266.0
583622.0
585988.0
588021.0
590036.0
592128.0
594659.0
597277.0
599761.0
601733.0
603631.0
605223.0
607140.0
609412.0
611569.0
613688.0
615355.0
616895.0
618004.0
619452.0
621178.0
622573.0
623958.0
625114.0
626174.0
626919.0
627847.0
629005.0
630002.0
630854.0
631491.0
632174.0
632695.0
633334.0
634179.0
634789.0
635450.0
636019.0
636528.0
636877.0
637284.0
637769.0
638376.0
638913.0
639337.0
639722.0
640050.0
640410.0
640899.0
641204.0
641555.0
641839.0
642165.0
642476.0
642783.0
643139.0
643426.0
643653.0
643851.0
644058.0
644161.0
644308.0
644488.0
644659.0
644790.0
644939.0
645047.0
645162.0
645264.0
645380.0
645479.0
645587.0
645704.0
645770.0
645843.0
645936.0
646042.0
646122.0
646230.0
646334.0
646402.0
646475.0
646578.0
646705.0
646853.0
647052.0
647230.0
647384.0
647568.0
647813.0
648086.0
648388.0
648740.0
649171.0
649507.0
649772.0
650108.0
650471.0
650890.0
651311.0
651653.0
651978.0
652294.0
652659.0
653206.0
653712.0
654243.0
654787.0
655207.0
655553.0
655955.0
656550.0
657047.0
657648.0
658219.0
658782.0
659218.0
659836.0
660710.0
661569.0
662537.0
663488.0
664321.0
665118.0
665993.0
667207.0
668498.0
669811.0
671097.0
672203.0
673186.0
674341.0
675959.0
677412.0
678816.0
680191.0
681537.0
682620.0
683900.0
685752.0
687309.0
689001.0
690933.0
692509.0
693900.0
695701.0
698001.0
700170.0
702509.0
704755.0
706592.0
707982.0
709830.0
712430.0
714748.0
716960.0
718988.0
720417.0
721756.0
723134.0
725243.0
727082.0
728899.0
730728.0
732114.0
733499.0
735088.0
737702.0
739627.0
741366.0
743174.0
744732.0
746104.0
747562.0
750242.0
752280.0
754134.0
756011.0
757595.0
758894.0
760490.0
763211.0
765326.0
767720.0
770102.0
772251.0
774247.0
776974.0
780956.0
784574.0
788060.0
791769.0
795302.0
798099.0
801545.0
806032.0
810342.0
816280.0
822260.0
827894.0
832692.0
837980.0
844561.0
853532.0
863318.0
873026.0
881145.0
889169.0
896928.0
908903.0
922128.0
932719.0
945373.0
956813.0
968012.0
978997.0
995468.0
1010492.0
1025373.0
1039442.0
1053541.0
1065176.0
1077153.0
1091668.0
1106126.0
1118256.0
1130304.0
1139925.0
1147912.0
1156022.0
1166983.0
1175757.0
1183006.0
1189268.0
1194582.0
1198852.0
1203266.0
1209334.0
1213648.0
1216765.0
1221586.0
1224847.0
1228109.0
1231043.0
1235171.0
1238100.0
1240798.0
1243144.0
1245128.0
1247014.0
1248965.0
1251779.0
1253941.0
1256207.0
1258323.0
1259951.0
1261687.0
1264288.0
1267630.0
1270811.0
1274628.0
1278327.0
1281328.0
1284811.0
1290817.0
1300899.0
1309691.0
1318582.0
1325632.0
1336348.0
1347274.0
1359957.0
1376504.0
1393335.0
1410269.0
1427326.0
1442182.0
1458292.0
1476626.0
1504720.0
1529850.0
1559478.0
1586146.0
1609498.0
1634631.0
1661328.0
1699469.0
1735230.0
1773059.0
1806650.0
1835602.0
1861707.0
1889437.0
1933415.0
1967057.0
2003905.0
2037105.0
2067085.0
2093012.0
2122068.0
2162487.0
2197838.0
2231218.0
2261101.0
2286139.0
2310227.0
2336753.0
2375594.0
2406524.0
2437153.0
2462981.0
2484817.0
2506243.0
2530015.0
2565399.0
2594032.0
2623952.0
2649152.0
2671323.0
2692641.0
2720094.0
2761187.0
2793028.0
2825103.0
2856781.0
2884518.0
2911180.0
2945417.0
2996765.0
3047014.0
3096646.0
3140407.0
3178040.0
3212569.0
3252815.0
3316853.0
3368804.0
3419788.0
3462110.0
3499819.0
3531163.0
3568258.0
3623157.0
3664438.0
3701790.0
3734990.0
3760649.0
3781719.0
3807856.0
3842048.0
3868236.0
3890531.0
3909523.0
3923533.0
3935083.0
3950434.0
3971481.0
3987872.0
4001802.0
4014829.0
4025499.0
4032839.0
4042363.0
4054989.0
4065438.0
4075415.0
4084222.0
4091716.0
4097345.0
4103119.0
4111720.0
4122722.0
4130862.0
4137436.0
4142983.0
4147453.0
4153702.0
4162015.0
4168617.0
4174744.0
4180075.0
4184588.0
4188558.0
4194237.0
4201452.0
4207472.0
4213621.0
4218785.0
4222306.0
4226263.0
4231050.0
4236215.0
4241469.0
4246432.0
4250291.0
4253741.0
4255897.0
4258734.0
4263160.0
4266462.0
4266462.0
4266462.0
4273888.0
4274095.0
4276334.0
4278954.0
4281585.0
4281585.0
4281585.0
4286885.0
4288153.0
4289988.0
4293027.0
4295818.0
4295818.0
4295818.0
4304326.0
4306509.0
4308082.0
4311116.0
4316435.0
4316435.0
4316435.0
4327840.0
4330667.0
4335007.0
4342311.0
4349916.0
4349916.0
4349916.0
4367190.0
4372423.0
4379778.0
4391150.0
4400566.0
4400566.0
4400566.0
4425837.0
4432922.0
4447278.0
4459767.0
4471152.0
4471152.0
4471152.0
4499570.0
4506979.0
4517003.0
4529939.0
4542028.0
4542028.0
4542028.0
4573219.0
4579384.0
4591009.0
4606092.0
4618853.0
4618853.0
4618853.0
4655677.0
4663725.0
4675532.0
4691948.0
4704616.0
4704616.0
4704616.0
4734005.0
4743620.0
4753092.0
4764902.0
4774043.0
4774043.0
4774043.0
4774043.0
4799326.0
4807205.0
4815584.0
4821763.0
4821763.0
4821763.0
4838882.0
4842843.0
4848736.0
4855498.0
4861952.0
4861952.0
4861952.0
4878113.0
4881155.0
4885051.0
4891298.0
4898954.0
4898954.0
4898954.0
4915074.0
4918238.0
4923446.0
4929134.0
4934634.0
4934634.0
4934634.0
4934634.0
4951660.0
4956010.0
4961354.0
4966009.0
4966009.0
4966009.0
4977837.0
4980628.0
4984809.0
4984809.0
4984809.0
4984809.0
4984809.0
5006893.0
5009501.0
4996567.0
5002850.0
5008515.0
5013900.0
5024113.0
5027739.0
5033797.0
5042307.0
5050233.0
5058191.0
5066790.0
5073706.0
5079700.0
5090354.0
5105202.0
5118512.0
5131527.0
5144116.0
5154447.0
5162934.0
5176787.0
5195408.0
5210285.0
5226219.0
5239883.0
5252058.0
5260762.0
5273660.0
5292125.0
5306372.0
5319474.0
5331324.0
5340548.0
5346939.0
5356174.0
5369885.0
5379734.0
5387830.0
5387830.0
5387830.0
5402162.0
5408648.0
5416866.0
5421306.0
5426408.0
5432162.0
5436721.0
5439567.0
5443883.0
5448375.0
5453038.0
5458604.0
5462911.0
5466250.0
5468967.0
